Synapse weights for english v mandarin
Other language combinations may differ

[[  7812.28051688]
 [  -722.41566968]
 [   -81.15573316]
 [ -2009.85228649]
 [  7973.69473033]
 [   779.64963959]
 [ -2396.0968722 ]
 [  9611.40023097]
 [ 11138.0520227 ]
 [  3482.19992933]
 [ -1003.76258869]
 [ -3269.41158871]
 [ -1687.35155529]
 [   371.16497745]
 [  6852.80010229]
 [  -400.90466826]
 [   431.11197067]
 [ -2194.39534927]
 [ -1165.82651062]
 [ -3036.36107092]
 [ 10727.6734977 ]
 [   525.85955439]
 [  -499.78950108]
 [ -7384.78727046]
 [ -7224.9453987 ]
 [ -2000.97953656]
 [ -1786.17022959]
 [  2637.22550502]
 [  2590.66051429]
 [  2884.0600282 ]
 [  -886.87210896]
 [  1621.52673916]
 [  1522.13758305]
 [ -5997.36314596]
 [ -2245.51310492]
 [  3483.65324502]
 [   146.19100672]
 [  3943.43631955]
 [  3627.7384046 ]
 [  4413.66459675]
 [  2032.14848966]
 [  3147.23540832]
 [  5702.66709302]
 [  1191.98229601]
 [  3273.12397458]
 [  1978.81916518]
 [ -2311.07740024]
 [   610.41560097]
 [  4469.06982135]
 [  2038.0247992 ]
 [  4239.66628848]
 [  -633.70371275]
 [   693.99009116]
 [  4355.38724201]
 [  1645.07135573]
 [  1374.11957914]
 [  -734.49813061]
 [  1473.89438825]
 [  6012.25744378]
 [  4837.63778755]
 [ -2798.58484763]
 [  -176.83153671]
 [    23.57742243]
 [  2484.55996345]
 [  3813.9818528 ]
 [  -653.969193  ]
 [ -1211.08508273]
 [   759.88515159]
 [  -744.91303432]
 [  2764.52790411]
 [  2208.88797183]
 [  1583.01201632]
 [  -352.24157635]
 [   926.00175369]
 [  1111.17411743]
 [  6908.86484203]
 [  2449.20444635]
 [  3997.00461418]
 [  -865.72351741]
 [ -1956.24232238]
 [  -446.00024166]
 [ -1211.02576749]
 [ -2757.68106143]
 [  -937.73234487]
 [ -1866.67155109]
 [ -2592.74854607]
 [   207.1894137 ]
 [  4572.43680429]
 [  -470.86568227]
 [ -1032.47517831]
 [ -1541.13144766]
 [   465.36316305]
 [ -1177.57740961]
 [  -916.3518108 ]
 [  2189.45477719]
 [   -61.65901999]
 [ -2815.4372011 ]
 [ -2330.01105275]
 [   805.99687776]
 [  1312.49198509]
 [  1101.38490188]
 [ -3969.98295436]
 [ -3743.63259533]
 [   507.40897214]
 [  1113.47166764]
 [ -1546.17831401]
 [ -2335.08557326]
 [  -158.81056824]
 [  2409.99339017]
 [  -775.9430019 ]
 [   -27.29405184]
 [   957.82415245]
 [  1517.00003719]
 [  -672.89461823]
 [  1846.05218813]
 [ -2270.06357551]
 [ -2573.41381393]
 [  -647.68725207]
 [  1160.19497036]
 [ -1603.15438532]
 [ -4098.89603207]
 [ -1364.96264277]
 [ -1240.92302284]
 [  -675.49956689]
 [  1720.66463253]
 [  1513.72697891]
 [ -3560.35129491]
 [ -2739.73678878]
 [ -2618.41804664]
 [ -3633.9972354 ]
 [    31.73318847]
 [   731.68265841]
 [ -3627.44807943]
 [ -4027.45182587]
 [  -956.45053943]
 [  -445.49641299]
 [ -1067.35217427]
 [   371.17417268]
 [   362.89036318]
 [ -2819.24092687]
 [ -1791.1168531 ]
 [ -2688.75901203]
 [ -2922.87390395]
 [ -2808.96539743]
 [  -464.06888132]
 [ -2777.35340189]
 [ -1770.67397863]
 [ -1569.21413504]
 [ -2932.90912616]
 [ -1714.88938175]
 [  -991.43472951]
 [  1562.47742316]
 [ -3000.63550093]
 [ -1039.37669113]
 [ -1695.87971361]
 [ -3221.6702937 ]
 [  -423.77695556]
 [  -562.46946361]
 [  -920.22126606]
 [  -247.12212002]
 [ -2082.16114609]
 [ -1137.12794534]
 [  1070.46648501]
 [  1139.4188652 ]
 [  -425.25524292]
 [   -81.48169643]
 [ -1463.36719375]
 [ -2175.04790853]
 [   751.09951777]
 [   156.5026608 ]
 [   745.89683236]
 [    49.51120554]
 [  -228.85433247]
 [    79.52754403]
 [   997.34756478]
 [  -992.55391388]
 [ -2495.96864923]
 [  1584.79928481]
 [   -68.7497665 ]
 [   407.46141962]
 [  2737.65066836]
 [ -1004.56014166]
 [ -2480.09287461]
 [  -441.68983204]
 [    57.16941343]
 [  1505.49754425]
 [  2745.07248837]
 [   580.53820442]
 [  -712.4707284 ]
 [  -431.04945008]
 [  -340.60240449]
 [  -447.45054528]
 [   744.89993343]
 [  2707.94397812]
 [   106.01181882]
 [   349.91933703]
 [  -906.76967023]
 [   941.97357695]
 [   646.52921525]
 [  -743.18693712]
 [    86.21800096]
 [   666.13858805]
 [  4009.78740452]
 [  1652.06003774]
 [   820.5927076 ]
 [  -152.62703219]
 [ -1519.50468336]
 [    19.94774012]
 [  1897.51715381]
 [  1111.61933639]
 [   861.79971025]
 [  -833.37622268]
 [ -2072.11150363]
 [   355.36457673]
 [  -571.32588896]
 [  -140.54937669]
 [  3144.08512139]
 [  -874.78159118]
 [  1133.6873064 ]
 [  2196.37937521]
 [   544.76757931]
 [  -505.36707698]
 [ -1041.92271978]
 [  1222.8252436 ]
 [   398.75833902]
 [  2260.7874275 ]
 [  -425.57930898]
 [   797.17803232]
 [  1573.17844122]
 [  1675.28789709]
 [   422.96302085]
 [  -173.60166608]
 [   575.99607724]
 [   235.02693489]
 [  1262.71331162]
 [  1283.4469586 ]
 [  1598.63810654]
 [   250.79354348]
 [  -724.01359073]
 [   341.90965515]
 [  1593.39755895]
 [ -2029.07351667]
 [  2024.19352013]
 [  -875.28438276]
 [   529.19015983]
 [   964.87708771]
 [  2193.50642397]
 [  -793.68116125]
 [   985.2591133 ]
 [  1025.64774966]
 [   -15.5445302 ]
 [   610.37064642]
 [   589.00755239]
 [  1431.25877184]
 [    40.17835282]
 [  1721.02334142]
 [   662.34394501]
 [  -172.8593379 ]
 [    65.85673715]
 [   387.38889611]
 [  -660.12172854]
 [  -138.99159629]
 [  1712.42088107]
 [   824.8186152 ]
 [  -127.40092014]
 [   342.55688081]
 [   -76.76080548]
 [  -180.84159665]
 [   -27.12847345]
 [  -874.57726378]
 [   530.33905222]
 [  1034.30096951]
 [   771.07909375]
 [    62.23824828]
 [  1675.39199215]
 [  1039.84476635]
 [   -14.37300027]
 [  1004.13621568]
 [  1745.41614606]
 [  1648.87509461]
 [ -1498.32864492]
 [  1822.67752177]
 [   662.48536449]
 [  -174.00181632]
 [   362.58308704]
 [   389.19515219]
 [  -902.62507934]
 [  -226.30227672]
 [  1827.18987044]
 [  1163.30310979]
 [   710.8675184 ]
 [   341.82864383]
 [  -181.64021326]
 [  -169.58322422]
 [ -1626.36697759]
 [  -875.09988491]
 [   529.63112443]
 [   865.41859513]
 [  1053.44213878]
 [   152.45739134]
 [ -1137.14327374]
 [  1155.09038716]
 [   -15.58946538]
 [  1384.31787114]
 [  1545.93129985]
 [  1713.04232699]
 [ -1575.4797603 ]
 [  1825.87242952]
 [   663.20105374]
 [  -174.00543512]
 [   649.60472748]
 [   391.25852953]
 [  -710.66168007]
 [    88.55708641]
 [  1462.00848656]
 [  1769.88764872]
 [   654.68533061]
 [   342.66958087]
 [  -142.58349947]
 [  -463.72250845]
 [ -1701.34754012]
 [  -875.28555337]
 [   529.5461841 ]
 [  1007.17853697]
 [  1052.29796571]
 [   943.01868222]
 [  -588.06910657]
 [  1155.18373449]
 [   -15.68871799]
 [  1385.91592173]
 [  1758.23222791]
 [  1864.10187657]
 [ -1575.38102227]
 [  1827.91043505]
 [   663.3072558 ]
 [  -172.47347491]
 [   705.43971042]
 [   391.71226252]
 [  -708.62305462]
 [    89.17768941]
 [  1584.92874436]
 [  1770.97653756]
 [   691.56392567]
 [   341.64406789]
 [  -139.72511554]
 [  -834.10626253]
 [ -1700.84512851]
 [  -874.93489877]
 [   530.59052135]
 [  1425.4182947 ]
 [  1053.31491169]
 [   946.44199652]
 [  -677.6591285 ]
 [  1154.81251731]
 [   -15.18340069]
 [  1386.51885284]
 [  1771.99798703]
 [  1864.08010339]
 [ -1574.70934007]
 [  1828.42925201]
 [   662.12412679]
 [  -172.22032212]
 [   721.55911456]
 [   391.87845909]
 [  -590.27141151]
 [    90.05268928]
 [  1585.89128249]
 [  1771.88073354]
 [  1007.83686147]
 [   342.93489333]
 [  -138.98872739]
 [  -833.35460171]
 [ -1700.34582863]
 [  -874.27639686]
 [   529.915476  ]
 [  1424.08299468]
 [  1053.62018196]
 [   949.4446911 ]
 [  -676.97792646]
 [  1154.97445193]
 [   -14.54031039]
 [  1386.07051473]
 [  1996.20035862]
 [  1867.2259593 ]
 [ -1573.85315718]
 [  1828.334128  ]
 [   663.38091265]
 [  -173.70946111]
 [  1125.96790663]
 [   398.76249039]]
