Synapse weights for just english v mandarin
May be different for different language mixes
[[ -8.01616747e+03]
 [  9.17023451e+02]
 [  7.56777620e+02]
 [  2.42878088e+03]
 [ -8.08734105e+03]
 [ -5.38931558e+02]
 [  3.09524659e+03]
 [ -1.01338122e+04]
 [ -1.23197666e+04]
 [ -3.13090187e+03]
 [  1.34585278e+03]
 [  4.66675978e+03]
 [  2.29335199e+03]
 [ -5.97829669e+02]
 [ -7.81144143e+03]
 [  9.82426279e+02]
 [ -9.72198461e+02]
 [  2.74369407e+03]
 [  1.84906525e+03]
 [  3.88234451e+03]
 [ -1.16427708e+04]
 [ -4.80995972e+02]
 [  1.76231686e+03]
 [  4.92356628e+03]
 [  7.13342699e+03]
 [  2.10830574e+03]
 [  2.02182044e+03]
 [ -2.10793792e+03]
 [ -2.64388968e+03]
 [ -2.82308224e+03]
 [  1.29298966e+03]
 [ -1.28398808e+03]
 [ -1.12364679e+03]
 [  6.68466560e+03]
 [  2.58152981e+03]
 [ -3.13221789e+03]
 [  1.51331091e+02]
 [ -4.67987018e+03]
 [ -3.79984835e+03]
 [ -4.18865886e+03]
 [ -1.15829095e+03]
 [ -3.31859077e+03]
 [ -5.38920413e+03]
 [ -1.37065340e+03]
 [ -3.71099746e+03]
 [ -2.43291263e+03]
 [  2.97620713e+03]
 [ -5.87944476e+02]
 [ -4.94519787e+03]
 [ -2.73092133e+03]
 [ -4.68863473e+03]
 [  6.54953382e+02]
 [ -1.49584448e+02]
 [ -4.90435985e+03]
 [ -1.36284525e+03]
 [ -1.52687713e+03]
 [  5.36508661e+02]
 [ -1.56200581e+03]
 [ -6.97105510e+03]
 [ -4.85442226e+03]
 [  3.10431969e+03]
 [ -1.88764291e+02]
 [ -5.35033622e+01]
 [ -2.34705332e+03]
 [ -3.77286966e+03]
 [  3.21349775e+02]
 [  1.15962641e+03]
 [ -4.74101904e+02]
 [  1.30326500e+03]
 [ -2.64183954e+03]
 [ -2.16512822e+03]
 [ -1.39689481e+03]
 [  3.39434326e+02]
 [ -9.50457849e+02]
 [ -2.30632845e+03]
 [ -5.13500684e+03]
 [ -2.07334130e+03]
 [ -3.43473588e+03]
 [  6.95954223e+02]
 [  2.30032354e+03]
 [  5.71978940e+02]
 [  1.67050599e+03]
 [  3.12128188e+03]
 [  7.46001944e+02]
 [ -7.74518891e+02]
 [  2.55412923e+03]
 [ -4.40754068e+02]
 [ -2.35240390e+03]
 [  5.24812853e+02]
 [  1.09334140e+03]
 [  1.79230111e+03]
 [ -4.01128367e+02]
 [  8.34686591e+02]
 [  1.24933782e+03]
 [ -1.35412411e+03]
 [  2.76989252e+02]
 [  3.46008216e+03]
 [  2.84613313e+03]
 [ -5.58397361e+02]
 [ -1.39821864e+03]
 [ -1.71272731e+02]
 [  3.72637996e+03]
 [  3.67654130e+03]
 [  6.74412104e+02]
 [ -8.99463030e+02]
 [  2.11656089e+03]
 [  3.27311917e+03]
 [  9.30588227e+02]
 [ -2.15830774e+03]
 [  1.78127351e+03]
 [  2.70645540e+03]
 [ -1.71353562e+03]
 [ -1.44557404e+03]
 [  8.02544423e+02]
 [ -4.85168023e+02]
 [  3.59925813e+03]
 [  3.44575844e+03]
 [  7.83122284e+02]
 [ -7.60208020e+02]
 [  2.37206828e+03]
 [  3.11811811e+03]
 [  1.77629433e+03]
 [  1.63311973e+03]
 [  7.76754240e+02]
 [ -1.13727903e+03]
 [ -1.61728555e+03]
 [  3.89658924e+03]
 [  2.41835488e+03]
 [  3.34699241e+03]
 [  2.82069730e+03]
 [  9.12486176e+01]
 [ -7.08883718e+02]
 [  2.86578109e+03]
 [  3.68073888e+03]
 [  1.15861452e+03]
 [  2.38083718e+02]
 [  1.27627853e+03]
 [ -7.53873925e+01]
 [  2.12919282e+02]
 [  1.75546950e+03]
 [  1.06887313e+03]
 [  1.75240530e+03]
 [  2.01961765e+03]
 [  2.75497769e+03]
 [  6.22298224e+02]
 [  2.43589723e+03]
 [  1.04227988e+03]
 [  1.28599933e+03]
 [  2.49037472e+03]
 [  1.32896372e+03]
 [  1.26418441e+03]
 [ -1.69799051e+03]
 [  2.77805525e+03]
 [  4.23081897e+02]
 [  1.08681716e+03]
 [  2.86941414e+03]
 [ -2.31207489e+02]
 [  4.30756361e+02]
 [  8.36539275e+02]
 [ -3.26792289e+02]
 [  1.59978872e+03]
 [  1.44914097e+03]
 [ -1.17418113e+03]
 [ -1.36980980e+03]
 [ -3.83496629e+02]
 [  8.51672576e-01]
 [  9.28261857e+02]
 [  1.81699847e+03]
 [ -9.02346757e+02]
 [ -6.81393528e+02]
 [ -4.24334903e+02]
 [  8.40702137e+01]
 [ -8.49907214e+01]
 [ -8.90069467e+02]
 [ -1.25594875e+03]
 [  1.19200746e+03]
 [  2.02140085e+03]
 [ -1.73823579e+03]
 [  7.77689821e+01]
 [ -6.69713271e+02]
 [ -3.36229945e+03]
 [  1.02168096e+03]
 [  2.34530731e+03]
 [  7.22061681e+00]
 [  3.05602442e+01]
 [ -1.87602215e+03]
 [ -3.44028904e+03]
 [ -9.00982910e+02]
 [  3.26779049e+02]
 [  6.18946589e+02]
 [  4.18742665e+02]
 [  1.18272546e+02]
 [ -7.35967617e+02]
 [ -2.39668859e+03]
 [  1.09461567e+02]
 [ -7.29040741e+02]
 [  4.12554135e+02]
 [ -9.40966532e+02]
 [ -6.17279287e+02]
 [  7.50436053e+02]
 [ -1.18224711e+02]
 [ -4.57417239e+02]
 [ -4.68430620e+03]
 [ -1.81405664e+03]
 [ -8.61550167e+02]
 [  3.05461052e+01]
 [  1.43630028e+03]
 [  1.70458305e+02]
 [ -2.36673877e+03]
 [ -1.46672548e+03]
 [ -8.88826864e+02]
 [  1.16233286e+03]
 [  2.10000590e+03]
 [ -5.19932826e+02]
 [  5.76428562e+02]
 [  5.16291986e+01]
 [ -3.15039317e+03]
 [  5.89847932e+02]
 [ -1.13301904e+03]
 [ -1.87196152e+03]
 [ -4.62691044e+02]
 [  7.08108663e+02]
 [  8.24342506e+02]
 [ -1.27469279e+03]
 [ -4.51470869e+02]
 [ -2.21582733e+03]
 [  4.64199451e+02]
 [ -4.49094400e+02]
 [ -2.03044165e+03]
 [ -1.84641262e+03]
 [ -4.36609704e+02]
 [  3.71815149e+01]
 [ -9.76802729e+02]
 [ -4.74538920e+02]
 [ -1.62267049e+03]
 [ -1.62815698e+03]
 [ -1.66260000e+03]
 [ -1.24424690e+02]
 [  9.27045100e+02]
 [ -5.11775546e+02]
 [ -1.77118620e+03]
 [  1.80818988e+03]
 [ -2.37157581e+03]
 [  5.89345140e+02]
 [ -6.48983995e+02]
 [ -1.05241007e+03]
 [ -2.43188601e+03]
 [  7.12196648e+02]
 [ -1.66364815e+03]
 [ -1.16196206e+03]
 [  3.72913949e+01]
 [ -3.80786892e+02]
 [ -5.92708950e+02]
 [ -1.36257984e+03]
 [ -1.88094435e+02]
 [ -1.89460156e+03]
 [ -7.69680336e+02]
 [  3.79238431e+01]
 [  3.29471853e+02]
 [ -6.42469446e+02]
 [  5.76271548e+02]
 [  2.40938949e+02]
 [ -1.78675702e+03]
 [ -8.77778603e+02]
 [  1.57198826e+02]
 [ -5.11575158e+02]
 [ -4.20774064e+01]
 [ -1.08077616e+02]
 [ -2.53011929e+02]
 [  5.90052259e+02]
 [ -6.49956472e+02]
 [ -1.28617463e+03]
 [ -8.08681819e+02]
 [ -1.17347917e+02]
 [ -2.08579410e+03]
 [ -1.18477801e+03]
 [  3.84629248e+01]
 [ -7.92302687e+02]
 [ -2.00948597e+03]
 [ -1.72031148e+03]
 [  1.57273685e+03]
 [ -2.01485651e+03]
 [ -7.69740023e+02]
 [  3.67813646e+01]
 [ -2.09017464e+02]
 [ -6.43334329e+02]
 [  1.03457906e+03]
 [  2.55998909e+02]
 [ -1.93248957e+03]
 [ -1.28360197e+03]
 [ -7.28049724e+02]
 [ -5.15778208e+02]
 [  2.10335640e+02]
 [ -1.30208128e+02]
 [  1.62207873e+03]
 [  5.89529638e+02]
 [ -6.52685152e+02]
 [ -9.61336336e+02]
 [ -1.04705636e+03]
 [ -2.31584914e+02]
 [  1.38769558e+03]
 [ -1.32275331e+03]
 [  3.72464597e+01]
 [ -1.26612612e+03]
 [ -1.54678091e+03]
 [ -1.78090199e+03]
 [  1.51852270e+03]
 [ -2.02783125e+03]
 [ -7.73653302e+02]
 [  3.67777458e+01]
 [ -7.60935534e+02]
 [ -6.48804998e+02]
 [  8.01387350e+02]
 [ -7.78520263e+01]
 [ -1.47534484e+03]
 [ -1.92735752e+03]
 [ -7.57078541e+02]
 [ -5.14937271e+02]
 [  1.64749897e+02]
 [  4.48429597e+02]
 [  1.57258509e+03]
 [  5.89343970e+02]
 [ -6.52770092e+02]
 [ -1.09640335e+03]
 [ -1.04944577e+03]
 [ -9.43942725e+02]
 [  7.65546894e+02]
 [ -1.32507279e+03]
 [  3.71472071e+01]
 [ -1.26729776e+03]
 [ -1.80744677e+03]
 [ -2.00535677e+03]
 [  1.51817482e+03]
 [ -2.02752670e+03]
 [ -7.73547099e+02]
 [  3.83097061e+01]
 [ -8.43912977e+02]
 [ -6.48351265e+02]
 [  7.99269958e+02]
 [ -7.76799337e+01]
 [ -1.67078527e+03]
 [ -1.92851355e+03]
 [ -8.11953754e+02]
 [ -5.15962784e+02]
 [  1.62030555e+02]
 [  9.20408362e+02]
 [  1.57229858e+03]
 [  5.89694624e+02]
 [ -6.51725755e+02]
 [ -1.51457952e+03]
 [ -1.04907206e+03]
 [ -9.55234781e+02]
 [  7.84053668e+02]
 [ -1.32544400e+03]
 [  3.76525244e+01]
 [ -1.26669483e+03]
 [ -1.84656324e+03]
 [ -2.01038421e+03]
 [  1.51864988e+03]
 [ -2.02700788e+03]
 [ -7.74730228e+02]
 [  3.85628588e+01]
 [ -8.77968579e+02]
 [ -6.48185069e+02]
 [  6.15042449e+02]
 [ -7.86827871e+01]
 [ -1.67027202e+03]
 [ -1.93223832e+03]
 [ -1.14237054e+03]
 [ -5.14671958e+02]
 [  1.58604774e+02]
 [  9.20713350e+02]
 [  1.57259123e+03]
 [  5.90353126e+02]
 [ -6.52400800e+02]
 [ -1.51676031e+03]
 [ -1.04896506e+03]
 [ -9.54285205e+02]
 [  7.83992384e+02]
 [ -1.32528207e+03]
 [  3.82956147e+01]
 [ -1.26714317e+03]
 [ -2.05769049e+03]
 [ -2.01578089e+03]
 [  1.51950606e+03]
 [ -2.02710301e+03]
 [ -7.73473443e+02]
 [  3.70737199e+01]
 [ -1.34248696e+03]
 [ -6.60491432e+02]]
